0.056642
0.015552
0.013490
0.015158
0.012214
0.013041
0.012790
0.012699
0.013261
0.012489
0.015712
0.012006
0.012123
0.015094
0.016675
0.011315
0.011103
0.011749
0.011487
0.013386
0.014604
0.020237
0.019905
0.021908
0.022783
0.018433
0.037714
0.032839
0.031579
0.032452
0.031112
0.027899
0.031992
0.023476
0.025526
0.014794
0.017878
0.015197
0.018280
0.015668
0.123426
0.105458
0.110993
0.115449
0.064079
0.034011
0.043815
0.028765
0.026867
0.027588
0.027269
0.020849
0.021807
0.025124
0.021776
0.022913
0.022369
0.022883
0.016918
0.018808
#150 ends
0.086933
0.018672
0.021757
0.023325
0.019365
0.021175
0.024284
0.018449
0.020296
0.019205
0.020604
0.020371
0.018812
0.023776
0.046702
0.019723
0.018965
0.018826
0.022429
0.025522
0.048549
0.035360
0.046414
0.044763
0.028356
0.032300
0.031871
0.045839
0.042968
0.032103
0.030678
0.026002
0.026003
0.031233
0.024270
0.027665
0.054701
0.055339
0.024796
0.024918
##0.040108
0.049079
0.036603
0.037073
0.035945
0.037020
0.040926
0.055010
0.038021
0.032709
0.036778
0.049599
0.034478
0.034303
0.035522
0.038794
0.034165
0.032735
0.040513
0.035071
0.158708
0.036313
0.035920
0.035424
0.044278
0.038750
0.034831
0.036684
0.038302
0.034502
0.036252
0.034199
0.039343
0.037788
0.035018
0.030897
0.030310
0.031626
0.031901
0.033379
#
0.166846
5.907759
5.382551
4.857880
5.425648
0.149556
0.154208
0.149289
