0.053417
0.014299
0.011449
0.012990
0.011503
0.010808
0.010981
0.012413
0.011095
0.011022
0.013558
0.010816
0.010723
0.012359
0.013256
0.010264
0.011165
0.010123
0.010328
0.011266
0.013482
0.019828
0.018961
0.019793
0.018787
0.016699
0.028898
0.033222
0.031585
0.029740
0.028208
0.023816
0.028454
0.021886
0.021675
0.012963
0.016177
0.016171
0.016305
0.014319
0.081455
0.099171
0.096660
0.096867
0.054695
0.030691
0.033865
0.038643
0.022671
0.025606
0.020330
0.018607
0.019060
0.021834
0.018852
0.016692
0.021277
0.016387
0.016516
0.019378
0.080585
0.016944
0.021047
0.020216
0.017058
0.017451
0.022348
0.016770
0.017941
0.017426
0.016594
0.018289
0.017429
0.020337
0.017319
0.016735
0.017035
0.017600
0.020941
0.021597
## 150 ends again.
0.043478
0.032606
0.039861
0.039567
0.026498
0.026627
0.030371
0.041684
0.039537
0.027883
0.029673
0.023686
0.043250
0.030517
0.025132
0.025011
0.038662
0.046371
0.024541
0.022925
##0.038119
0.041956
0.034158
0.034019
0.032554
0.032695
0.035407
0.029651
0.031234
0.030475
0.032320
0.030862
0.031608
0.030596
0.030381
0.032946
0.029936
0.031219
0.036424
0.033284
0.141212
0.032694
0.030523
0.031762
0.037467
0.034994
0.037190
0.032109
0.035637
0.032341
0.032981
0.035064
0.050127
0.032553
0.033260
0.029156
0.028226
0.028894
0.028750
0.029287
#
0.143277
5.155763
4.573765
4.495686
6.187691
0.146119
0.148287
0.144170
