0.050870
0.013669
0.011638
0.012749
0.012383
0.010981
0.011248
0.013154
0.011891
0.013214
0.013909
0.010909
0.010943
0.013770
0.013224
0.010781
0.010694
0.009766
0.010628
0.011829
0.013193
0.019246
0.019206
0.021790
0.020010
0.016974
0.029363
0.033716
0.030199
0.035508
0.029639
0.023514
0.028309
0.023495
0.019156
0.013585
0.016339
0.017382
0.016494
0.015401
0.092520
0.100986
0.086279
0.105266
0.057233
0.031440
0.036119
0.035822
0.023068
0.028321
0.022811
0.018999
0.023082
0.020711
0.019803
0.017812
0.020907
0.016665
0.016108
0.016743
0.082591
0.018069
0.020156
0.020100
0.017126
0.018135
0.023250
0.017016
0.018254
0.017520
0.017560
0.017145
0.018033
0.021476
0.018756
0.017168
0.017843
0.017304
0.021217
0.021823
0.042868
0.032888
0.038976
0.039820
0.028574
0.028614
0.035814
0.056387
0.039083
0.028475
0.027780
0.024831
0.022845
0.030446
0.025145
0.025791
0.043144
0.048561
0.024246
0.023090
##0.037685
0.042555
0.053487
0.035572
0.032251
0.031553
0.037848
0.030165
0.032862
0.030345
0.036599
0.032088
0.031056
0.034653
0.031936
0.054308
0.030658
0.030601
0.032965
0.036176
0.146255
0.038660
0.030758
0.031983
0.034994
0.040069
0.064411
0.031137
0.032342
0.034423
0.033501
0.035989
0.061883
0.032904
0.033663
0.029777
0.028709
0.028911
0.029475
0.029538
#
0.145942
5.666729
5.774228
5.122663
10.060688
0.148683
0.149541
0.143874
